function CF=mf_rock(T)
    t2 = T .* T;
    t7 = exp(0.961026371384066e3 - 0.3590508961e1 * T + 0.4479483398e-2 * t2 - 0.1866187556e-5 * t2 .* T);
    CF = 0.1e1 ./ (0.1e1 + t7);
end

